88 152 10 1.9 1386002000
40 75 9 1.4 1330163066
3 150 9 5.1 966278458
21 131 3 5.6 1043329322
40 155 10 5.1 1346782185
42 59 7 1.5 1285981946
13 76 3 1.7 1385862668
49 82 9 5.2 1469081491
38 34 4 5.4 1185640281
22 94 7 4.9 1564704707
59 61 8 5.2 1353224204
93 85 10 3.4 1338916758
86 163 3 1.1 1172946004
100 132 8 3.2 1160895991
55 157 7 3.9 1172829355
2 88 6 4.3 979345539
75 79 4 2.5 1228428737
65 133 3 4.0 1208021545
14 40 7 3.3 1254164359
47 170 6 3.3 1299329296
91 65 6 3.4 1470493368
98 10 9 1.5 1289080445
11 132 9 3.0 1002253718
8 106 10 2.9 1369176524
96 6 5 3.0 948061357
59 31 5 4.7 1031111908
14 37 10 5.7 1174550536
10 168 1 3.1 1093927312
58 189 8 4.4 1194151676
44 172 5 5.5 1520017374
99 96 7 3.8 1476236795
34 155 3 5.8 1264337041
92 128 9 2.7 1371566889
24 77 10 3.5 1410970106
21 191 8 5.9 1188611115
81 30 1 2.2 1177282451
85 188 6 4.1 1509599775
10 185 5 3.5 1176441021
59 71 1 5.2 1192582145
46 84 8 1.9 1529612218
91 71 8 1.8 1120735701
52 195 9 4.2 986702230
84 172 5 4.0 1268526862
12 151 5 2.0 1384173699
59 136 5 1.0 1044405623
16 153 6 4.3 1106267204
65 157 9 1.5 1240854413
36 101 5 2.0 1541328625
16 103 6 1.3 1518874417
52 75 4 1.1 1076803715
9 88 1 2.2 1295874925
63 67 2 3.1 1038338798
26 59 2 1.2 1571821541
88 180 4 5.1 1281364759
85 183 6 3.7 1487883856
5 129 6 2.4 1376499997
2 49 5 1.0 1094316887
34 87 9 5.8 1562301110
79 188 2 2.3 1259356873
33 138 6 3.6 1554084923
27 32 4 2.9 1177091389
20 62 8 1.6 1164966097
75 82 6 3.8 1006089183
35 97 1 2.9 971399376
50 3 4 2.1 1221920040
80 150 4 5.1 1506684682
24 143 4 1.7 1122818591
59 4 4 4.6 1490966391
30 163 10 2.8 1083354508
28 140 3 2.6 1121498934
82 128 6 5.2 1164015806
39 186 9 3.8 1006601677
26 109 4 4.3 1533475009
42 183 4 1.6 1483854362
42 14 4 4.6 1113642749
90 88 8 1.3 1366203991
84 83 9 5.6 1078789326
14 142 5 2.2 1550098388
8 186 3 2.8 1374382008
94 160 5 4.2 1135602380
49 5 9 3.9 1147955363
21 13 6 4.8 1120809913
28 163 6 4.8 1295211599
2 17 5 2.7 1228712402
85 193 2 4.0 1257235476
92 91 1 5.9 1456938561
75 140 6 3.0 1117869274
86 68 7 3.0 1286717444
44 35 3 4.2 1398881559
83 99 2 2.9 1478089594
25 101 7 2.1 1159122956
18 86 8 3.7 1240684687
69 96 7 5.7 1034663387
2 32 4 4.1 1181124835
26 146 6 4.1 1047575794
23 166 5 5.1 1005991405
16 191 2 5.5 1549815500
3 54 6 4.0 1013622735
48 12 9 3.6 1104487481
60 102 7 1.0 1434844068
40 153 6 2.3 1302836707
92 131 8 5.5 1184318434
88 200 9 5.7 1414733198
70 108 2 5.9 1028686837
21 40 2 3.6 1418536521
68 76 6 3.3 1152404241
60 158 2 5.3 959836768
96 31 8 4.5 1254476027
34 187 5 5.8 1337621365
85 99 5 3.7 1176978192
1 165 1 1.7 1014395533
19 129 1 3.9 962867334
11 86 7 1.8 1134417881
58 155 1 4.0 1322801098
9 85 9 1.3 1118649246
58 164 1 3.9 1418943027
64 160 9 4.1 1281696997
40 165 3 2.4 1124041251
90 4 8 2.8 1010213257
60 7 3 1.3 1168504205
7 34 2 4.2 1055433162
97 26 2 5.1 1544694723
54 171 8 2.8 1002653933
40 69 7 2.9 999766086
54 42 3 3.1 1067425768
6 160 4 2.7 1442746515
89 76 4 5.1 1279798824
85 186 7 2.1 1399051825
57 61 4 5.8 1238941474
31 62 6 1.9 1171448868
44 115 8 2.2 1561414307
64 81 3 2.1 1512249714
81 127 10 5.9 1302723772
5 107 3 5.0 972386092
24 82 4 2.6 1203871414
12 152 1 2.9 1509019272
99 163 3 1.1 1162267146
47 4 3 3.2 1324192321
70 187 10 4.5 1296362430
46 160 4 5.2 1014096371
14 114 3 5.4 1027648621
19 3 6 2.5 1573876606
70 182 1 2.9 1109479492
15 101 10 5.4 1175209614
77 100 6 5.0 1005959127
11 65 4 5.0 1430171997
6 29 3 1.1 1246280687
100 21 1 5.3 981927651
2 129 3 3.2 1423702058
100 51 8 2.9 978538060
57 52 5 5.5 1207453686
47 193 7 1.4 1301962770
38 184 1 1.2 1124638256
14 47 5 1.0 1520320858
76 30 9 4.6 1085027149
94 15 3 5.3 1163395487
8 62 10 1.2 964755415
96 2 10 4.1 1083052143
95 26 10 4.2 1543673520
89 119 2 4.3 1406981659
98 149 4 5.9 1184610688
89 77 1 5.1 966587362
35 50 6 4.7 1409717127
78 182 5 4.1 1142629598
91 100 7 3.7 976131671
4 97 10 5.7 1171196740
18 186 9 3.6 1005024522
82 143 2 3.6 1574315658
77 106 2 3.5 1115283402
31 167 2 3.0 1117197700
71 66 9 1.4 1462134445
83 13 3 2.1 1014624390
74 14 3 5.2 1574424408
3 191 6 1.2 1500543541
48 53 10 1.1 1452071721
53 123 7 1.4 1269147281
46 147 6 5.7 1500671876
70 171 2 2.4 1134170303
63 69 6 3.3 1355691667
21 113 1 2.2 959666671
53 165 4 5.6 1417384809
73 162 7 3.2 986656705
46 62 7 3.3 1452542542
43 26 4 4.4 1183802128
8 78 2 3.8 993513905
52 14 3 2.2 1479072938
7 77 3 3.5 1229975344
68 91 7 1.9 1447504921
39 25 9 4.4 1484803954
82 172 2 5.9 1576627292
33 3 6 5.8 1517696209
45 5 6 2.8 1322707082
94 187 5 5.3 1180911654
73 24 1 1.6 1490316594
77 11 6 4.6 980911616
53 169 9 3.4 1193590317
67 120 4 4.5 1283457492
86 9 1 5.9 1483967963
16 32 10 1.3 1107624615
92 31 8 5.0 1105430914
26 43 5 2.1 1126490809
66 118 9 1.2 1430066395
83 158 7 5.8 1304442215
29 135 10 5.1 1524757804
87 124 7 5.2 1063496128
31 110 1 5.5 1242293721
74 123 1 2.3 1377908262
98 148 2 4.2 1382839690
21 193 7 2.1 1439317307
29 198 1 5.3 1511697862
44 144 3 1.8 1493718529
88 82 5 5.5 1363376869
93 185 7 1.9 1392357380
6 10 3 2.3 1042896635
90 62 4 2.7 1435771646
35 171 1 4.6 1218858650
40 176 2 4.6 1434830418
13 1 3 2.6 1331911791
62 122 4 5.5 1475525038
22 97 10 5.7 1406731226
54 54 10 4.1 1329752237
94 52 3 2.6 1164744720
96 160 2 5.0 1297511337
94 54 9 4.9 1011436965
37 62 2 3.5 1014010929
14 169 3 5.3 1029261546
52 9 10 1.7 1286104595
37 85 7 3.3 1420565346
95 79 1 5.6 1302451991
71 113 3 2.9 1299880520
13 66 1 3.9 1154367204
94 132 5 5.8 998803901
90 35 6 2.3 1380869971
95 190 10 2.4 1005110478
39 117 1 3.7 984170190
63 13 8 4.9 1318070286
8 5 10 4.8 970626220
26 140 5 3.5 1186115850
86 183 10 3.8 1277525833
66 19 10 1.1 1055567449
98 24 2 2.8 1228140272
44 186 7 5.1 1320376174
85 87 4 2.0 1157257601
42 39 6 1.5 1537801763
67 43 5 3.9 1090293795
17 48 1 5.3 1362441949
2 199 7 5.5 1034731347
4 100 6 5.0 1052885138
23 84 7 3.4 1087377653
73 183 6 2.9 1113886244
54 119 4 2.7 1408395499
78 2 10 4.0 1233154664
64 187 7 1.5 1181995858
91 30 3 4.6 1198054758
72 59 1 4.7 1016609941
16 171 10 1.8 1374067259
62 176 1 2.1 970650642
28 155 9 4.6 1043500835
55 198 5 4.5 1283936050
7 40 2 4.9 1450101678
92 177 1 2.7 1521095799
11 49 7 3.1 1182332517
65 192 2 4.6 1575222630
29 41 8 4.8 1529260894
96 47 6 4.6 1002885247
87 89 4 5.1 1302997210
91 154 2 2.5 1460252874
35 192 6 3.4 972056004
88 166 7 2.0 1041349137
14 58 4 1.6 1439756932
98 105 3 2.3 1291114563
84 86 9 5.2 1178215243
22 189 5 4.7 956546671
43 38 9 5.3 1210185898
77 169 6 2.9 947891221
96 69 7 3.9 1334966221
83 74 8 1.9 1038162261
94 193 2 1.1 1056219598
4 26 6 2.6 1442893691
90 193 10 2.6 1144427730
19 52 10 2.1 1439803440
70 54 6 2.4 1241508637
90 150 10 1.1 1085871860
90 37 9 2.7 1486345654
68 69 10 5.5 1045472055
62 36 9 1.3 1073599429
54 153 6 4.9 996011191
56 71 1 3.3 1262700774
50 155 1 3.0 960774438
43 199 9 2.9 1382315523
49 191 1 2.3 1026923393
89 57 7 4.6 1149095827
15 35 8 2.1 1402569910
81 73 5 4.0 1348708947
34 55 8 2.7 1357488326
68 96 7 3.3 1501321971
72 194 10 5.6 1315825406
97 183 3 1.1 1156292415
9 74 8 5.6 1196245999
72 150 4 4.3 1502515152
95 161 10 4.9 1326762653
87 13 7 2.1 1446655015
73 130 10 2.5 1502142990
32 36 5 1.9 1470426132
71 32 5 1.9 1430353427
29 47 10 5.1 1351785728
33 48 2 2.5 1323682874
99 90 5 5.5 1415774731
91 89 7 2.9 1453626925
39 182 9 3.8 1082468860
52 189 9 1.8 1366105619
20 1 9 3.3 1255427684
87 134 4 3.3 1200598631
74 124 10 5.1 1309321478
18 20 2 1.4 1244457620
86 96 9 4.6 1529975176
15 158 10 4.9 999374712
70 8 9 5.0 1419370431
26 176 7 1.5 1371613287
76 133 9 3.9 948662702
8 196 9 1.8 991469236
93 54 4 4.8 1434039714
38 108 4 1.3 1376080875
67 80 2 5.4 1057693566
12 152 1 1.8 1436632659
25 98 7 3.3 1343366645
11 58 1 4.2 951847488
70 20 8 1.5 1535249200
71 74 2 2.8 1524577207
40 162 10 2.3 1570305849
54 109 8 5.0 1451324812
57 142 2 2.6 1092708903
47 119 3 1.3 1320603029
47 184 4 5.7 1201740753
38 97 5 4.0 1210630998
98 144 7 5.2 1040652188
9 60 2 5.5 1234316730
85 65 9 5.9 1007426461
41 108 7 4.7 956055705
49 127 3 4.4 1084580392
14 72 8 2.8 1506532789
12 29 9 4.0 1571102266
24 95 3 4.5 1374898691
37 147 10 3.1 1289445788
39 91 5 3.5 1516248888
37 119 2 4.1 1183537331
65 153 1 1.7 1485436370
84 21 5 1.3 1311355022
57 80 9 3.4 1386801909
96 155 10 2.8 1246099456
2 35 7 4.9 1333000067
97 174 1 2.8 996719369
27 122 1 4.6 1121574985
66 96 8 1.4 1034087633
95 3 8 2.3 1398371185
3 118 2 5.2 1507899680
49 179 4 1.5 964015844
91 62 8 1.6 1334053956
18 122 2 2.6 957642105
20 154 8 4.9 1163004523
96 54 1 2.2 985010522
47 132 3 3.1 1205808887
49 94 2 1.3 1007274557
22 144 2 5.9 1370719289
83 150 3 2.9 1370951193
17 156 10 4.1 1035184033
83 121 7 1.4 971298820
23 173 4 4.9 1023001787
34 164 3 5.9 1243899311
6 22 3 1.5 1376192372
46 132 8 5.2 1393995000
79 175 1 5.9 1066878996
15 133 1 4.7 969059610
68 41 6 5.6 974173164
13 115 9 1.4 1364240905
50 60 9 4.4 1235277980
81 135 6 4.8 960905164
50 144 9 1.3 1434651756
33 91 9 5.1 989520105
26 4 10 4.0 1199071885
21 82 7 5.9 950774500
42 43 7 2.5 989176815
14 145 1 2.6 1313599633
70 151 6 4.9 1449517566
76 86 2 2.0 1257592602
32 22 4 3.2 1312280045
81 124 8 2.2 1287452882
34 186 9 4.8 1164213145
29 169 8 4.6 1178741707
22 62 3 4.7 1025850144
46 191 6 1.9 1574833299
26 50 6 5.8 1000469947
99 102 5 3.5 1470654482
75 126 3 2.9 1572000888
81 3 2 3.5 1174223860
18 43 3 5.3 1024964672
35 1 2 5.5 1096136689
9 164 4 5.2 1149659888
27 167 6 2.0 1130338746
70 21 10 4.3 1166643094
36 63 8 4.8 1510487312
11 135 3 4.5 1129601377
26 4 4 4.7 1508109285
9 127 5 1.7 975666544
73 129 5 2.3 1371981409
68 140 4 5.9 1020188572
69 192 7 2.4 1102575602
11 152 8 1.1 1049708857
42 32 4 1.7 1432165442
42 30 3 1.0 1010383726
68 70 6 1.4 1120675446
63 95 8 2.5 1039873063
76 139 6 5.3 1337914138
42 87 1 2.1 969834979
71 73 9 4.0 1435694910
20 198 10 2.7 1309357505
83 103 1 5.5 1490298727
83 3 6 5.6 1120289259
89 181 8 1.8 1477928329
90 80 4 3.2 1433881335
60 144 3 4.9 1274249472
97 14 7 2.2 1131531553
76 67 6 2.8 1240643193
53 57 6 5.6 1523538134
31 8 4 2.4 1549569837
72 16 1 2.5 1247417611
29 102 5 2.9 980659408
12 126 7 2.6 1295210694
12 171 3 3.1 1263551820
24 103 8 4.8 1359976483
26 62 9 3.7 1240629404
21 198 6 5.5 1079194955
5 67 3 1.2 1246120450
78 97 1 5.5 1518230391
1 9 6 3.8 1013780135
64 126 8 2.4 1110205266
66 155 5 4.0 1021292419
31 155 7 3.6 1135200370
13 14 9 5.5 1150338803
28 146 4 4.4 1171006911
61 188 9 3.1 1346378622
25 67 7 1.1 1196364226
12 124 3 3.7 1093639721
21 50 5 4.5 1441055379
95 66 7 5.0 1060517053
74 51 1 2.0 1286962641
85 137 1 3.6 1018493953
92 188 8 1.7 1535776814
97 10 7 4.7 1274551653
63 194 9 2.3 994708608
45 77 10 2.7 1077092819
79 174 8 1.8 1567891483
44 130 3 3.6 1143903411
40 154 1 1.6 1364217420
9 51 4 3.3 1355936468
88 38 5 2.4 1057200734
18 105 8 2.6 1452888297
60 142 9 5.4 1195012435
98 54 1 4.0 1247216476
91 169 9 4.7 1131678872
25 88 10 4.5 1416662335
55 104 2 5.1 1241341137
12 92 10 1.7 1083665093
26 75 9 1.4 1497138358
94 35 9 2.0 1528328026
96 15 4 3.4 1166911398
93 190 4 5.3 1184402785
22 115 9 3.4 1077996757
46 82 4 4.8 1179199328
54 144 5 3.7 1422519204
11 63 1 4.9 1403282805
74 65 5 5.8 1230695597
17 122 4 2.4 1243911620
6 72 2 4.7 1314054952
69 21 6 4.2 1186635962
40 63 8 1.7 1034500096
16 164 1 5.4 1474323960
59 163 5 2.0 1366238860
42 16 2 1.5 1058516650
100 177 2 5.9 1166855175
10 51 1 2.0 1013782827
35 76 3 3.6 1547160836
60 147 9 4.0 1064884160
6 114 6 5.0 1012300883
40 160 10 3.6 1046669170
39 168 1 4.3 1353101581
8 140 9 1.6 1558476297
39 147 4 3.1 1497406663
50 98 10 1.6 1231544589
61 78 10 5.0 1081892655
90 131 3 2.0 1365303027
95 118 7 4.7 1020489105
53 159 2 1.7 1145514542
12 97 2 1.1 1139816777
30 182 8 1.2 1036537647
38 94 8 2.5 1565315387
39 102 7 3.4 1371319976
15 157 5 1.4 1515867081
60 116 8 4.7 1382285951
33 89 5 5.9 1322539037
39 157 3 1.8 1266980889
55 159 2 4.7 1021827995
40 82 5 4.8 1044528160
55 11 6 4.3 979211434
35 98 3 5.7 1090395841
9 176 1 1.3 1211733718
81 50 9 2.2 1164459896
19 152 10 5.6 1104261228
35 83 1 2.6 1379409655
96 1 3 1.1 1240202841
12 180 10 2.0 1561690312
32 3 4 1.5 1106270126
9 196 10 3.0 1346035958
18 57 1 5.8 987071206
15 166 10 5.5 1564228830
61 100 1 2.0 1498206332
46 45 7 5.6 955450911
38 165 7 4.3 1368703528
77 124 6 3.2 1367901655
76 50 1 5.0 1373427956
66 33 6 3.4 1291264267
12 60 4 3.8 1255082519
9 8 6 2.6 1268097189
48 3 5 3.1 1242953946
88 148 8 5.3 1490904867
68 151 1 3.7 1439509814
43 89 4 1.5 1418999344
78 146 2 3.2 992826077
54 112 3 3.3 1162715303
17 183 3 4.1 1122554336
32 162 9 2.5 1490059816
98 178 7 3.5 1318014142
67 165 10 1.6 1311374703
100 131 5 2.9 1084102157
88 16 2 2.9 1502003485
30 163 7 4.3 1306067781
85 143 2 3.4 1008997898
35 84 3 2.3 1085379590
30 53 1 5.6 1444677172
54 76 8 1.6 1260629618
83 47 1 1.6 1395762725
62 103 8 5.4 1074137632
23 182 8 2.7 1226171420
28 137 3 5.0 1565353760
72 87 6 2.3 1477947452
30 166 1 1.5 1146258268
36 59 1 1.3 1444945964
40 158 8 2.4 1507429904
27 174 2 1.2 1277603273
12 145 10 4.5 1574021342
51 137 10 3.6 1113912204
21 35 6 3.9 1090805050
60 129 8 2.4 1133654853
62 113 7 5.2 1499374351
28 126 8 5.4 1079212854
82 127 1 2.1 1149560437
98 4 2 3.6 1350704712
63 6 1 3.1 1279774826
28 175 9 5.8 1007399200
58 157 9 5.5 965773454
59 129 1 4.9 950066363
38 120 8 1.1 1105488113
73 147 1 3.8 1512656431
39 196 7 4.1 1085523234
82 159 3 5.2 1161168689
14 173 9 1.1 1539756739
10 59 9 2.9 1159282342
42 44 9 2.8 1401307608
95 47 6 1.7 1531853557
88 9 8 2.7 1564095382
72 133 5 5.7 1189645327
81 187 9 5.4 1063273009
34 156 3 2.6 1484171060
82 162 10 2.3 988115138
46 53 7 1.4 1464386065
48 58 8 4.8 1397472626
34 79 4 2.7 1045414979
33 51 6 2.3 1475482701
50 157 3 1.3 1134948128
99 91 1 5.5 1163158066
10 155 4 4.8 1093898321
85 142 1 5.4 1162224769
30 149 3 5.4 1315855847
18 34 5 3.3 1350518949
61 44 10 3.7 1298296247
60 149 2 5.6 1360902209
57 92 3 4.2 1129767618
30 122 7 4.7 1173068103
2 56 9 3.9 971842134
7 200 8 3.1 1399711365
45 3 4 2.7 1114541772
8 146 6 3.5 1336964407
81 187 2 5.0 1061608370
3 142 8 3.8 1566562116
77 157 6 5.5 1002945259
72 151 4 2.8 1245429702
9 108 10 1.9 1545184104
84 3 2 2.1 1029163683
87 56 5 2.7 1026010174
33 75 3 1.0 972093787
12 52 10 5.9 993238437
80 49 6 4.5 1472226466
36 159 9 4.6 1163726869
62 66 5 3.1 1053073122
12 166 9 4.5 1019435228
33 177 2 3.3 1180210270
60 33 1 2.2 985926446
24 198 7 4.7 1305367283
14 189 1 5.5 968653081
64 189 9 4.3 1455027264
92 67 3 5.8 1134178597
46 100 2 1.8 1037016344
14 184 4 1.6 1002096921
54 92 2 1.3 1063052339
39 49 8 2.2 1498655813
1 4 10 1.8 1574932519
43 176 1 5.0 1510414130
69 5 4 4.6 1325617092
87 132 6 4.6 1437598568
40 175 8 4.0 1156664429
32 64 5 3.8 1059294914
34 151 10 5.4 1463309732
87 95 9 1.0 1178754714
45 147 6 5.6 1019189733
1 86 8 3.4 1552444869
99 88 3 3.0 987906392
50 84 4 4.9 1510643269
23 127 7 1.8 1212029776
77 123 3 4.3 1303222369
7 154 7 1.0 1140634010
88 121 9 2.5 1005383900
65 105 4 5.2 1387235775
29 18 2 5.7 1383548131
21 57 6 1.9 1068240858
17 89 3 3.3 1082271234
86 193 6 1.4 946713110
36 129 7 1.7 969417308
46 68 8 4.4 970420705
30 37 4 5.1 1571413242
46 148 3 3.2 1155474388
44 60 1 1.4 1352385944
13 182 3 4.1 1525756811
40 50 10 2.9 1057217943
74 82 2 2.7 1070153663
82 113 3 4.1 1182068636
52 166 6 3.7 1028322389
77 81 3 2.8 1451430126
13 98 8 4.6 1360785226
39 140 8 1.6 1348750975
86 108 10 5.2 1226569561
37 175 7 4.8 1494880393
26 87 6 3.7 1501163484
74 53 4 1.5 1372669899
80 35 10 2.6 1378920817
14 142 7 4.2 1078118098
15 81 5 3.4 1550805282
38 190 10 4.6 1019626356
100 163 1 5.2 1420919556
85 142 3 1.0 1417270850
45 146 4 1.0 1170551735
19 165 7 4.8 1002010280
78 47 10 2.1 1405113257
56 161 10 1.4 1461867834
24 181 8 3.7 1559055959
68 52 6 1.3 1259333355
99 95 3 5.9 1529712780
47 167 9 1.5 1533623739
25 121 2 2.7 1151592848
31 164 1 5.0 1278842088
70 49 2 2.0 1044620667
82 109 2 1.2 1169422702
39 169 1 2.5 1396247885
9 113 8 2.8 1156676645
60 91 1 1.9 1254620940
81 69 1 4.4 1290568151
91 29 2 4.5 1246217586
6 124 7 4.2 961598994
64 153 7 2.3 1519944814
19 176 7 4.5 1141005055
71 48 7 2.0 1267191622
15 114 1 1.6 1479524688
12 175 2 4.2 1253475655
13 168 8 1.0 1521067271
37 159 7 3.8 1056788913
48 112 1 4.4 1419018182
47 189 6 4.5 1077663564
89 130 9 1.7 1403173742
8 112 10 1.3 1181126350
87 170 1 5.1 1002244201
98 161 3 5.4 1321979286
92 183 7 5.2 1363945391
4 72 1 2.3 1265624119
84 31 3 5.5 1287951015
95 84 5 3.9 1360675697
9 117 9 3.7 1119759942
59 70 7 2.8 1282195510
28 112 2 1.4 1223303356
20 40 10 3.3 1147596384
70 31 1 2.7 1520360939
4 46 9 2.7 1194292985
56 28 7 2.3 1294125966
95 43 10 1.2 994933485
85 163 5 4.6 968966160
60 86 3 2.1 1207784779
72 148 7 2.8 1049477693
69 165 3 3.7 1158224787
46 42 10 3.9 1423464072
13 6 7 5.8 1439488602
50 140 10 2.1 1296256083
23 95 1 4.5 1576360938
44 46 5 1.4 1162713454
3 171 8 4.7 1175280768
56 62 4 2.0 962735553
96 200 4 3.2 1070901364
71 65 9 3.4 1519013135
43 58 3 3.4 1477656457
4 179 10 1.2 1495011576
20 170 8 3.3 1104603640
47 159 2 2.7 1521852434
56 168 1 4.1 1364774417
1 115 5 3.3 1501723151
42 67 10 1.8 1166653991
49 88 4 4.2 1168879976
79 131 5 5.1 954434084
56 77 2 4.1 1482284275
76 94 10 2.7 1200399552
53 120 1 3.1 1467872938
26 41 9 4.8 1211356110
67 109 3 2.7 1305329813
86 34 2 4.1 1073460134
16 119 10 5.9 1276980156
9 73 8 1.6 1532879419
70 84 10 5.4 1555768689
10 41 8 4.3 1129361326
67 31 10 5.1 1368146202
46 187 1 5.3 972850940
81 4 5 4.4 1287897570
80 156 4 4.4 1165135327
80 16 1 4.8 963139213
55 87 5 5.5 1146970215
69 91 4 5.4 1400505296
82 47 1 1.6 1109158686
68 186 2 1.5 967306447
1 55 3 3.2 1083345230
86 190 7 2.5 958675113
49 124 4 3.4 991551869
51 98 8 1.2 1154888074
37 110 2 5.2 993757987
77 135 4 4.6 1318078428
21 92 8 4.5 1097673024
2 174 8 2.7 1241945564
78 131 2 1.0 1398515804
72 70 6 5.0 1093579947
74 128 4 5.7 1385916339
48 139 4 2.8 1166887208
41 181 4 5.8 1170240513
4 67 4 1.3 973686575
22 87 7 4.0 1208810547
87 95 7 2.3 1072197743
12 113 4 2.0 1137800812
7 73 5 2.1 1487083232
5 68 9 5.2 1211581513
28 106 10 4.3 1079898520
23 82 7 4.3 1108167331
45 117 4 5.2 1518838023
94 169 6 3.9 1213310358
23 17 6 3.5 1029851509
87 143 5 1.8 1187079910
58 41 2 4.1 1015169796
55 186 3 5.6 1552416874
25 161 5 2.9 1008711254
31 124 1 3.6 1349110637
18 135 3 4.1 1182549102
94 130 3 1.4 1135111735
82 12 3 2.0 1208918939
21 86 2 1.6 1146490152
22 139 7 4.6 1448536824
81 16 9 5.8 1073868429
67 93 1 2.9 1128132015
97 163 7 5.8 1070560186
61 130 4 2.6 1128600032
64 118 3 5.0 1052721168
16 193 6 4.9 1050387734
56 128 7 1.8 1360435307
81 138 10 4.8 1166311978
98 119 10 1.9 1290804355
5 93 5 3.4 1003032784
48 100 9 4.5 1456737789
70 181 8 3.7 1094438957
55 31 5 4.8 1133292152
2 86 3 3.8 1176613851
68 15 7 2.3 1340619232
28 142 4 4.6 1005960560
98 146 1 5.2 1051362790
25 99 1 1.1 1074020760
76 76 7 3.7 1220292556
2 8 1 3.8 1308780364
82 79 8 5.6 1010830385
26 84 3 3.0 1265877126
8 127 5 5.6 1168067197
41 172 3 4.9 1440985812
95 171 10 2.9 1481852869
33 101 8 5.6 1562875685
27 142 2 4.1 1173361523
35 71 10 4.0 1267000945
57 143 10 1.0 1223267690
45 127 1 4.2 1342741531
86 76 4 5.6 1526637299
71 144 4 2.1 1528898404
15 87 5 1.6 1136224224
61 105 9 2.7 1055287298
72 182 5 4.7 1216837667
15 83 5 3.8 1142671410
50 89 4 3.1 1279585157
47 98 6 1.2 1306570891
98 26 9 1.6 1382523885
67 31 7 1.3 1340563615
10 81 8 4.9 1006430268
15 79 7 5.0 1107367340
77 119 8 2.9 974647450
16 89 8 4.5 1127539085
1 122 6 4.4 1573220929
35 74 10 4.9 949591690
52 196 10 4.4 1064875589
1 144 9 3.4 985278999
40 82 10 2.6 977139746
53 197 1 3.5 948068484
49 50 10 5.4 1311017438
1 37 4 5.6 1188226648
11 97 4 1.3 1005529209
22 126 2 3.1 1406617487
60 96 5 5.5 1279733651
16 16 3 5.5 1361469536
16 126 3 4.6 1266762820
49 109 7 2.9 1044436402
2 153 10 5.5 1353518222
32 77 9 3.5 1088762185
19 23 1 3.6 1343048477
60 62 5 4.2 1188639552
57 111 2 5.4 1276809292
79 8 5 3.1 1228571061
81 183 8 1.2 1021870844
88 73 9 3.5 980895265
18 7 9 2.9 952335892
25 146 4 3.2 1539671209
30 101 7 1.8 1025482867
40 39 2 4.0 1070880303
26 28 7 4.6 1443726223
61 184 10 2.7 1439001270
84 184 9 2.0 1053970990
48 102 1 4.8 1017438148
83 70 9 5.8 977982530
40 76 8 3.8 1456184124
91 132 10 5.2 1062464766
43 6 2 1.4 1018103821
1 92 5 3.7 1288293705
92 190 5 2.5 966204972
13 166 8 2.2 1037753618
46 76 10 1.6 1066361623
24 89 9 1.8 1140574672
99 99 7 1.1 1088959575
31 85 5 5.7 1258122942
30 82 8 4.3 1351940891
47 1 9 3.5 1216339465
71 82 4 2.6 1335058352
76 57 3 2.1 1526860995
67 12 2 4.6 1561055049
26 98 3 5.5 1518436385
28 125 7 2.3 995389143
12 195 7 5.7 1046324634
69 73 2 2.6 1384823172
67 135 5 1.7 1316484252
52 195 10 4.0 1191007226
72 111 1 5.6 982157574
5 20 1 2.5 1460534017
16 5 2 2.7 1197713957
32 46 3 3.5 1003276561
20 147 9 1.2 1127184790
99 104 1 5.2 1201321956
76 17 8 3.9 977666463
17 166 10 3.3 1405644198
68 55 4 5.1 1257405491
73 193 10 1.4 1100676421
72 164 5 4.4 1163340788
33 92 8 5.8 954318606
75 107 2 1.3 1105025647
44 131 2 5.1 1120933423
31 115 8 5.6 1188002732
94 170 6 3.3 1200028559
59 126 3 1.6 1197020040
22 12 9 1.6 1222878713
93 53 7 1.1 1550945437
21 22 4 4.2 1171605350
21 186 2 3.5 1551047064
79 114 2 1.0 1423646278
73 102 2 1.8 1347115297
36 191 10 2.8 1173175440
70 9 4 5.6 1129661658
27 69 4 4.5 1186232998
15 66 4 2.5 1212247443
87 170 8 3.1 1531135995
77 128 9 2.8 1143542426
19 180 7 5.4 1255614083
43 131 4 3.8 994623639
89 96 7 2.1 1362269454
48 190 4 2.6 1201674167
92 93 7 2.0 1269686304
60 42 7 2.5 1370631040
82 20 1 5.6 1449671051
76 197 9 3.8 1016665349
39 48 1 2.3 1379707106
81 187 1 2.0 1293323421
84 32 3 5.9 1185450639
60 111 1 2.7 1108908218
85 175 6 3.8 1176256815
84 197 3 4.0 1049616957
80 191 4 1.7 1245736415
4 53 8 3.1 984882776
57 131 10 4.3 1343795738
37 49 3 2.2 1063325123
67 67 10 1.1 955780829
38 24 3 4.5 1120404041
49 9 4 3.5 1065268564
77 34 7 3.1 1411593509
6 88 10 5.1 1433361944
93 158 3 3.8 1501449253
94 28 7 1.0 1330278981
7 62 10 5.0 1554159866
16 37 2 2.3 1313162802
24 61 3 5.2 1531737233
29 75 3 1.8 1143797432
45 185 1 3.1 1299884272
55 61 6 1.1 1028251146
15 128 5 1.8 1194616538
69 64 1 3.8 1001951684
48 177 10 5.9 978392349
75 164 6 2.5 1140959187
59 42 8 5.7 1356397558
91 52 8 5.8 1080183826
15 137 2 3.0 1423938489
2 198 9 3.9 1126511437
15 66 3 5.1 1003295039
39 110 2 3.5 1523170970
49 48 4 1.4 1389961941
64 91 1 1.7 1010931280
95 162 1 5.5 1554892421
2 40 7 4.1 1557987237
94 82 9 2.9 1294631204
97 68 2 5.4 1232848375
11 169 7 1.3 1377883625
74 20 7 1.4 1157078412
77 138 4 3.1 1360598646
52 37 9 5.2 1108490399
54 11 7 3.9 948177222
85 42 1 3.4 1177721963
29 108 6 2.2 1479572771
31 191 9 2.2 1033037651
33 56 8 1.4 1041098201
60 111 2 3.9 1133076042
1 104 5 1.6 1193117070
7 87 8 4.2 1426292291
65 136 2 5.1 1377234785
77 154 1 1.4 1477759296
70 26 9 1.5 1575540877
76 108 2 5.9 1538003639
82 156 6 1.0 1035759977
2 17 3 5.1 1188803933
72 118 10 4.4 1551505605
12 54 3 1.6 1178639037
48 162 5 1.2 1287061694
20 54 2 5.3 949853202
75 117 1 4.2 1468184111
25 26 1 1.8 1073634065
21 200 1 3.9 1442093456
41 170 10 2.9 1035162741
31 122 7 5.7 1002493561
87 92 8 4.2 1147908431
21 159 7 3.3 1059755496
70 194 7 1.5 958633517
49 188 7 4.4 1535773288
12 107 10 1.0 1210151526
72 29 1 2.7 1128101404
33 110 3 2.1 1171740035
38 32 1 1.1 1561214227
4 120 6 2.9 1490459791
82 154 10 1.3 1534021840
70 135 1 2.7 1392610657
96 73 7 3.3 1119133528
45 51 2 5.6 1200828882
52 92 4 4.4 1371012895
62 167 9 4.8 1235140911
4 178 8 1.8 1514126985
34 164 8 2.2 1044025822
32 17 5 3.2 1436783360
77 197 4 3.6 1456427488
78 129 5 1.1 1333134462
89 47 3 3.1 1496971260
23 7 7 2.0 1522755500
6 94 10 1.8 1070341661
43 165 8 2.8 964796424
